0101        101    16    25    4    0   4
0102        102    79    89    13   0   5
0103        103    63    71    5    0   10
0104        104    69    74    20   0   16
0105        105    54    69    6    1   8
0106        106C   36    42    6    0   13
0107        106k   18    15    3    0   2
0108 107C          17    32    6    0   2
0109        107R   6     14    0    0   2
0110        108C   8     6     0    0   0
0111        108R   5     9     1    0   1
0112        109C   6     9     0    0   2
0113        109R   2     1     0    0   0
0114        110    54    61    .4   0   5
0115        111    113   163   3    0   8
0116        112    8     11    0    0   0
0117        113    36    32    5    0   4
0118        114    16    18    2    0   1
0119        115    12    16    4    0   1
0120        116    12    9     2    0   2
0121        117C   3     7     0    0   0
0122        117R   0     1     1    0   1
0123        119    7     16    -1   0   0
0124        120    43    75    11   0   19
0125        121    35    23    3    0   5
0126 123           36    46    8    0   5
0127 124C          37    47    3    0   8
0128        124R   6     8     1    0   4
0129        125C   18    22    .7   0   5
0130        125R   12    15    3    0   3
0131        126    92    56    14   1   11
0132        127    54    38    5    0   1
0133        128    97    127   13   0   9
0134        129    62    69    3    0   11
0135 130           102   103   11       10
0136        131    39    36    2        2
0137 132           64    89    8        15
0138 133           52    67    7        8
0139        136    43    92    6        8
0140        137    91    131   9        2
0141        138    91    102   4        11
0142        139    109   136   7        11
0143        141    123   109   7        14
0144 142           75    52    3        5
0145        143    101   96    5        10
